foottraj = [
0.000000 0.050000 0.000000    0.000000 0.050000 0.000000     0.001289 -0.049476 -0.000033    0.001288 -0.049815 -0.000033
0.000000 0.050000 0.000000    0.000000 0.050000 0.000000     0.001289 -0.049476 0.000000    0.001301 -0.049815 0.000120
0.000000 0.050000 0.000000    0.000000 0.050000 0.000000     0.001289 -0.049476 0.000000    0.000948 -0.049406 -0.000036
0.000000 0.050000 0.000000    0.000000 0.050000 0.000000     0.001289 -0.049476 0.000000    0.001219 -0.049745 -0.000187
0.000000 0.050000 0.000000    0.000000 0.050000 0.000000     0.001289 -0.049476 0.000000    0.000960 -0.049815 0.000116
0.000000 0.050000 0.000000    0.000000 0.050000 0.000000     0.001289 -0.049476 0.000000    0.001220 -0.049474 -0.000034
0.000000 0.050000 0.000000    0.000000 0.050000 0.000000     0.001289 -0.049476 0.000000    0.001289 -0.049475 -0.000033
0.000000 0.050000 0.000000    0.000000 0.050000 0.000000     0.001289 -0.049476 0.000000    0.000960 -0.049815 0.000116
0.000000 0.050000 0.000000    0.000000 0.050000 0.000000     0.001289 -0.049476 0.000000    0.001220 -0.049474 -0.000034
0.000000 0.050000 0.000000    0.000000 0.050000 0.000000     0.001289 -0.049476 0.000000    0.000948 -0.049475 -0.000037
0.000000 0.050000 0.000000    0.000000 0.050000 0.000000     0.001289 -0.049476 0.000000    0.001288 -0.049815 -0.000033
0.000000 0.050000 0.000000    0.000000 0.050000 0.000000     0.001289 -0.049476 0.000000    0.001301 -0.049815 0.000120
0.000000 0.050000 0.000000    0.000000 0.050000 0.000000     0.001289 -0.049476 0.000000    0.001301 -0.049815 0.000120
0.000000 0.050000 0.000000    0.000000 0.050000 0.000000     0.001289 -0.049476 0.000000    0.001289 -0.049405 -0.000186
0.000000 0.050000 0.000000    0.000000 0.050000 0.000000     0.001289 -0.049476 0.000000    0.001289 -0.049405 -0.000186
0.000000 0.050000 0.000000    0.000000 0.050000 0.000000     0.001289 -0.049476 0.000000    0.001498 -0.049476 -0.000105
0.000000 0.050000 0.000000    0.000000 0.050000 0.000000     0.001289 -0.049476 0.000000    0.001156 -0.049476 -0.000109
0.000000 0.050000 0.000000    0.000000 0.050000 0.000000     0.001289 -0.049476 0.000000    0.000960 -0.049815 0.000116
0.000000 0.050000 0.000000    0.000000 0.050000 0.000000     0.001289 -0.049476 0.000000    0.001290 -0.049476 -0.000034
0.000000 0.050000 0.000000    0.000000 0.050000 0.000000     0.001289 -0.049476 0.000000    0.001290 -0.049476 -0.000034
0.000000 0.050000 0.000000    0.000000 0.050000 0.000000     0.001289 -0.049476 0.000000    0.000960 -0.049816 0.000116
0.000000 0.050000 0.000000    0.000000 0.050000 0.000000     0.001289 -0.049476 0.000000    0.000948 -0.049477 -0.000037
0.000000 0.050000 0.000000    0.000000 0.050000 0.000000     0.001289 -0.049476 0.000000    0.000752 -0.049817 0.000188
0.000000 0.050000 0.000000    0.000000 0.050000 0.000000     0.001289 -0.049476 0.000000    0.001290 -0.049478 -0.000035
0.000000 0.050000 0.000000    0.000000 0.050000 0.000000     0.001289 -0.049476 0.000000    0.001537 -0.049868 0.000128
0.000000 0.050000 0.000000    0.000000 0.050000 0.000000     0.001289 -0.049476 0.000000    0.001100 -0.049820 0.000039
0.000000 0.050000 0.000000    0.000000 0.050000 0.000000     0.001289 -0.049476 0.000000    0.000878 -0.049480 -0.000041
0.000000 0.050000 0.000000    0.000000 0.050000 0.000000     0.001289 -0.049476 0.000000    0.001218 -0.049823 -0.000041
0.000000 0.050000 0.000000    0.000000 0.050000 0.000000     0.001289 -0.049476 0.000000    0.000892 -0.049823 0.000110
0.000000 0.050000 0.000000    0.000000 0.050000 0.000000     0.001289 -0.049476 0.000000    0.001100 -0.049825 0.000035
0.000000 0.050000 0.000000    0.000000 0.050000 0.000000     0.001289 -0.049476 0.000000    0.001443 -0.049827 0.000033
0.000000 0.050000 0.000000    0.000000 0.050000 0.000000     0.001289 -0.049476 0.000000    0.001219 -0.049487 -0.000048
0.000000 0.050000 0.000000    0.000000 0.050000 0.000000     0.001289 -0.049476 0.000000    0.001769 -0.049421 -0.000279
0.000000 0.050000 0.000000    0.000000 0.050000 0.000000     0.001289 -0.049476 0.000000    0.001561 -0.049424 -0.000207
0.000000 0.050000 0.000000    0.000000 0.050000 0.000000     0.001289 -0.049476 0.000000    0.001580 -0.049698 -0.000211
0.000000 0.050000 0.000000    0.000000 0.050000 0.000000     0.001289 -0.049476 0.000000    0.001476 -0.049417 -0.000198
0.000000 0.050000 0.000000    0.000000 0.050000 0.000000     0.001289 -0.049476 0.000000    0.001497 -0.049691 -0.000354
0.000000 0.050000 0.000000    0.000000 0.050000 0.000000     0.001289 -0.049476 0.000000    0.001635 -0.049695 -0.000440
0.000000 0.050000 0.000000    0.000000 0.050000 0.000000     0.001289 -0.049476 0.000000    0.002070 -0.050110 -0.000449
0.000000 0.050000 0.000000    0.000000 0.050000 0.000000     0.001289 -0.049476 0.000000    0.001936 -0.049700 -0.000680
0.000000 0.050000 0.000000    0.000000 0.050000 0.000000     0.001289 -0.049476 0.000000    0.001964 -0.049705 -0.000692
0.000000 0.050000 0.000000    0.000000 0.050000 0.000000     0.001289 -0.049476 0.000000    0.001968 -0.049367 -0.000851
0.000000 0.050000 0.000000    0.000000 0.050000 0.000000     0.001289 -0.049476 0.000000    0.001793 -0.049375 -0.000644
0.000000 0.050000 0.000000    0.000000 0.050000 0.000000     0.001289 -0.049476 0.000000    0.002230 -0.049721 -0.000822
0.000000 0.050000 0.000000    0.000000 0.050000 0.000000     0.001289 -0.049476 0.000000    0.002058 -0.049460 -0.000609
0.000000 0.050000 0.000000    0.000000 0.050000 0.000000     0.001289 -0.049476 0.000000    0.002088 -0.049469 -0.000784
0.000000 0.050000 0.000000    0.000000 0.050000 0.000000     0.001289 -0.049476 0.000000    0.002120 -0.049411 -0.000807
0.000000 0.050000 0.000000    0.000000 0.050000 0.000000     0.001289 -0.049476 0.000000    0.001743 -0.049497 -0.000680
0.000000 0.050000 0.000000    0.000000 0.050000 0.000000     0.001289 -0.049476 0.000000    0.001393 -0.049585 -0.000685
0.000000 0.050000 0.000000    0.000000 0.050000 0.000000     0.001289 -0.049476 0.000000    0.002099 -0.049543 -0.000673
0.000000 0.050000 0.000000    0.000000 0.050000 0.000000     0.001289 -0.049476 0.000000    0.001511 -0.049640 -0.000623
0.000000 0.050000 0.000000    0.000000 0.050000 0.000000     0.001289 -0.049476 0.000000    0.001507 -0.049399 -0.000633
0.000000 0.050000 0.000000    0.000000 0.050000 0.000000     0.001289 -0.049476 0.000000    0.001718 -0.049779 -0.000553
0.000000 0.050000 0.000000    0.000000 0.050000 0.000000     0.001289 -0.049476 0.000000    0.001426 -0.050172 -0.000468
0.000000 0.050000 0.000000    0.000000 0.050000 0.000000     0.001289 -0.049476 0.000000    0.001705 -0.049540 -0.000553
0.000000 0.050000 0.000000    0.000000 0.050000 0.000000     0.001289 -0.049476 0.000000    0.001305 -0.049954 -0.000427
0.000000 0.050000 0.000000    0.000000 0.050000 0.000000     0.001289 -0.049476 0.000000    0.001293 -0.049772 -0.000334
0.000000 0.050000 0.000000    0.000000 0.050000 0.000000     0.001289 -0.049476 0.000000    0.001020 -0.049503 -0.000508
0.000000 0.050000 0.000000    0.000000 0.050000 0.000000     0.001289 -0.049476 0.000000    0.001008 -0.049535 -0.000450
0.000000 0.050000 0.000000    0.000000 0.050000 0.000000     0.001289 -0.049476 0.000000    0.000970 -0.049633 -0.000479
0.000795 0.053013 0.002660    0.001075 0.050048 0.000459     0.000970 -0.049633 0.000000    0.000970 -0.049633 0.000000
0.002790 0.055340 0.005280    0.001535 0.050498 0.000309     0.000970 -0.049633 0.000000    0.000970 -0.049633 0.000000
0.005496 0.057075 0.007820    0.002847 0.052475 0.000976     0.000970 -0.049633 0.000000    0.000970 -0.049633 0.000000
0.008555 0.058324 0.010240    0.003286 0.053674 0.002492     0.000970 -0.049633 0.000000    0.000970 -0.049633 0.000000
0.011728 0.059188 0.012500    0.003807 0.054226 0.004442     0.000970 -0.049633 0.000000    0.000970 -0.049633 0.000000
0.014864 0.059754 0.014560    0.004659 0.055544 0.006923     0.000970 -0.049633 0.000000    0.000970 -0.049633 0.000000
